Iteration: 1
Initial lambda: 0.1, Initial tau: 1e-04
Optimized lambda: 0.01, tau: 1.33144408671254e-06, MLL: -125.750882293761, The ratio: 75.1064209139338
  Successful convergence.
Iteration: 2
Initial lambda: 0.1, Initial tau: 1e-04
  Successful convergence.

Iteration: 1, lambda_hat: 7.94328, tau_hat: 1.99526, max_mll: -125.489
  Successful convergence.

Iteration: 2, lambda_hat: 0.1, tau_hat: 0.000199526, max_mll: -123.439
  Successful convergence.

Iteration: 3, lambda_hat: 0.1, tau_hat: 0.000199526, max_mll: -123.952
  Successful convergence.

Iteration: 4, lambda_hat: 0.1, tau_hat: 0.000199526, max_mll: -124.006
  Successful convergence.

Iteration: 5, lambda_hat: 0.1, tau_hat: 0.000199526, max_mll: -124.02
        lambda          tau
1    0.1000000 0.0001000000
2    0.1258925 0.0001000000
3    0.1584893 0.0001000000
4    0.1995262 0.0001000000
5    0.2511886 0.0001000000
6    0.3162278 0.0001000000
7    0.3981072 0.0001000000
8    0.5011872 0.0001000000
9    0.6309573 0.0001000000
10   0.7943282 0.0001000000
11   1.0000000 0.0001000000
12   1.2589254 0.0001000000
13   1.5848932 0.0001000000
14   0.1000000 0.0001258925
15   0.1258925 0.0001258925
16   0.1584893 0.0001258925
17   0.1995262 0.0001258925
18   0.2511886 0.0001258925
19   0.3162278 0.0001258925
20   0.3981072 0.0001258925
21   0.5011872 0.0001258925
22   0.6309573 0.0001258925
23   0.7943282 0.0001258925
24   1.0000000 0.0001258925
25   1.2589254 0.0001258925
26   1.5848932 0.0001258925
27   1.9952623 0.0001258925
28   0.1000000 0.0001584893
29   0.1258925 0.0001584893
30   0.1584893 0.0001584893
31   0.1995262 0.0001584893
32   0.2511886 0.0001584893
33   0.3162278 0.0001584893
34   0.3981072 0.0001584893
35   0.5011872 0.0001584893
36   0.6309573 0.0001584893
37   0.7943282 0.0001584893
38   1.0000000 0.0001584893
39   1.2589254 0.0001584893
40   1.5848932 0.0001584893
41   1.9952623 0.0001584893
42   2.5118864 0.0001584893
43   0.1000000 0.0001995262
44   0.1258925 0.0001995262
45   0.1584893 0.0001995262
46   0.1995262 0.0001995262
47   0.2511886 0.0001995262
48   0.3162278 0.0001995262
49   0.3981072 0.0001995262
50   0.5011872 0.0001995262
51   0.6309573 0.0001995262
52   0.7943282 0.0001995262
53   1.0000000 0.0001995262
54   1.2589254 0.0001995262
55   1.5848932 0.0001995262
56   1.9952623 0.0001995262
57   2.5118864 0.0001995262
58   3.1622777 0.0001995262
59   0.1000000 0.0002511886
60   0.1258925 0.0002511886
61   0.1584893 0.0002511886
62   0.1995262 0.0002511886
63   0.2511886 0.0002511886
64   0.3162278 0.0002511886
65   0.3981072 0.0002511886
66   0.5011872 0.0002511886
67   0.6309573 0.0002511886
68   0.7943282 0.0002511886
69   1.0000000 0.0002511886
70   1.2589254 0.0002511886
71   1.5848932 0.0002511886
72   1.9952623 0.0002511886
73   2.5118864 0.0002511886
74   3.1622777 0.0002511886
75   3.9810717 0.0002511886
76   0.1000000 0.0003162278
77   0.1258925 0.0003162278
78   0.1584893 0.0003162278
79   0.1995262 0.0003162278
80   0.2511886 0.0003162278
81   0.3162278 0.0003162278
82   0.3981072 0.0003162278
83   0.5011872 0.0003162278
84   0.6309573 0.0003162278
85   0.7943282 0.0003162278
86   1.0000000 0.0003162278
87   1.2589254 0.0003162278
88   1.5848932 0.0003162278
89   1.9952623 0.0003162278
90   2.5118864 0.0003162278
91   3.1622777 0.0003162278
92   3.9810717 0.0003162278
93   5.0118723 0.0003162278
94   0.1000000 0.0003981072
95   0.1258925 0.0003981072
96   0.1584893 0.0003981072
97   0.1995262 0.0003981072
98   0.2511886 0.0003981072
99   0.3162278 0.0003981072
100  0.3981072 0.0003981072
101  0.5011872 0.0003981072
102  0.6309573 0.0003981072
103  0.7943282 0.0003981072
104  1.0000000 0.0003981072
105  1.2589254 0.0003981072
106  1.5848932 0.0003981072
107  1.9952623 0.0003981072
108  2.5118864 0.0003981072
109  3.1622777 0.0003981072
110  3.9810717 0.0003981072
111  5.0118723 0.0003981072
112  6.3095734 0.0003981072
113  0.1000000 0.0005011872
114  0.1258925 0.0005011872
115  0.1584893 0.0005011872
116  0.1995262 0.0005011872
117  0.2511886 0.0005011872
118  0.3162278 0.0005011872
119  0.3981072 0.0005011872
120  0.5011872 0.0005011872
121  0.6309573 0.0005011872
122  0.7943282 0.0005011872
123  1.0000000 0.0005011872
124  1.2589254 0.0005011872
125  1.5848932 0.0005011872
126  1.9952623 0.0005011872
127  2.5118864 0.0005011872
128  3.1622777 0.0005011872
129  3.9810717 0.0005011872
130  5.0118723 0.0005011872
131  6.3095734 0.0005011872
132  7.9432823 0.0005011872
133  0.1000000 0.0006309573
134  0.1258925 0.0006309573
135  0.1584893 0.0006309573
136  0.1995262 0.0006309573
137  0.2511886 0.0006309573
138  0.3162278 0.0006309573
139  0.3981072 0.0006309573
140  0.5011872 0.0006309573
141  0.6309573 0.0006309573
142  0.7943282 0.0006309573
143  1.0000000 0.0006309573
144  1.2589254 0.0006309573
145  1.5848932 0.0006309573
146  1.9952623 0.0006309573
147  2.5118864 0.0006309573
148  3.1622777 0.0006309573
149  3.9810717 0.0006309573
150  5.0118723 0.0006309573
151  6.3095734 0.0006309573
152  7.9432823 0.0006309573
153 10.0000000 0.0006309573
154  0.1000000 0.0007943282
155  0.1258925 0.0007943282
156  0.1584893 0.0007943282
157  0.1995262 0.0007943282
158  0.2511886 0.0007943282
159  0.3162278 0.0007943282
160  0.3981072 0.0007943282
161  0.5011872 0.0007943282
162  0.6309573 0.0007943282
163  0.7943282 0.0007943282
164  1.0000000 0.0007943282
165  1.2589254 0.0007943282
166  1.5848932 0.0007943282
167  1.9952623 0.0007943282
168  2.5118864 0.0007943282
169  3.1622777 0.0007943282
170  3.9810717 0.0007943282
171  5.0118723 0.0007943282
172  6.3095734 0.0007943282
173  7.9432823 0.0007943282
174 10.0000000 0.0007943282
175 12.5892541 0.0007943282
176  0.1000000 0.0010000000
177  0.1258925 0.0010000000
178  0.1584893 0.0010000000
179  0.1995262 0.0010000000
180  0.2511886 0.0010000000
181  0.3162278 0.0010000000
182  0.3981072 0.0010000000
183  0.5011872 0.0010000000
184  0.6309573 0.0010000000
185  0.7943282 0.0010000000
186  1.0000000 0.0010000000
187  1.2589254 0.0010000000
188  1.5848932 0.0010000000
189  1.9952623 0.0010000000
190  2.5118864 0.0010000000
191  3.1622777 0.0010000000
192  3.9810717 0.0010000000
193  5.0118723 0.0010000000
194  6.3095734 0.0010000000
195  7.9432823 0.0010000000
196 10.0000000 0.0010000000
197 12.5892541 0.0010000000
198 15.8489319 0.0010000000
199  0.1000000 0.0012589254
200  0.1258925 0.0012589254
201  0.1584893 0.0012589254
202  0.1995262 0.0012589254
203  0.2511886 0.0012589254
204  0.3162278 0.0012589254
205  0.3981072 0.0012589254
206  0.5011872 0.0012589254
207  0.6309573 0.0012589254
208  0.7943282 0.0012589254
209  1.0000000 0.0012589254
210  1.2589254 0.0012589254
211  1.5848932 0.0012589254
212  1.9952623 0.0012589254
213  2.5118864 0.0012589254
214  3.1622777 0.0012589254
215  3.9810717 0.0012589254
216  5.0118723 0.0012589254
217  6.3095734 0.0012589254
218  7.9432823 0.0012589254
219 10.0000000 0.0012589254
220 12.5892541 0.0012589254
221 15.8489319 0.0012589254
222 19.9526231 0.0012589254
223  0.1000000 0.0015848932
224  0.1258925 0.0015848932
225  0.1584893 0.0015848932
226  0.1995262 0.0015848932
227  0.2511886 0.0015848932
228  0.3162278 0.0015848932
229  0.3981072 0.0015848932
230  0.5011872 0.0015848932
231  0.6309573 0.0015848932
232  0.7943282 0.0015848932
233  1.0000000 0.0015848932
234  1.2589254 0.0015848932
235  1.5848932 0.0015848932
236  1.9952623 0.0015848932
237  2.5118864 0.0015848932
238  3.1622777 0.0015848932
239  3.9810717 0.0015848932
240  5.0118723 0.0015848932
241  6.3095734 0.0015848932
242  7.9432823 0.0015848932
243 10.0000000 0.0015848932
244 12.5892541 0.0015848932
245 15.8489319 0.0015848932
246 19.9526231 0.0015848932
247 25.1188643 0.0015848932
248  0.1000000 0.0019952623
249  0.1258925 0.0019952623
250  0.1584893 0.0019952623
251  0.1995262 0.0019952623
252  0.2511886 0.0019952623
253  0.3162278 0.0019952623
254  0.3981072 0.0019952623
255  0.5011872 0.0019952623
256  0.6309573 0.0019952623
257  0.7943282 0.0019952623
258  1.0000000 0.0019952623
259  1.2589254 0.0019952623
260  1.5848932 0.0019952623
261  1.9952623 0.0019952623
262  2.5118864 0.0019952623
263  3.1622777 0.0019952623
264  3.9810717 0.0019952623
265  5.0118723 0.0019952623
266  6.3095734 0.0019952623
267  7.9432823 0.0019952623
268 10.0000000 0.0019952623
269 12.5892541 0.0019952623
270 15.8489319 0.0019952623
271 19.9526231 0.0019952623
272 25.1188643 0.0019952623
273 31.6227766 0.0019952623
274  0.1000000 0.0025118864
275  0.1258925 0.0025118864
276  0.1584893 0.0025118864
277  0.1995262 0.0025118864
278  0.2511886 0.0025118864
279  0.3162278 0.0025118864
280  0.3981072 0.0025118864
281  0.5011872 0.0025118864
282  0.6309573 0.0025118864
283  0.7943282 0.0025118864
284  1.0000000 0.0025118864
285  1.2589254 0.0025118864
286  1.5848932 0.0025118864
287  1.9952623 0.0025118864
288  2.5118864 0.0025118864
289  3.1622777 0.0025118864
290  3.9810717 0.0025118864
291  5.0118723 0.0025118864
292  6.3095734 0.0025118864
293  7.9432823 0.0025118864
294 10.0000000 0.0025118864
295 12.5892541 0.0025118864
296 15.8489319 0.0025118864
297 19.9526231 0.0025118864
298 25.1188643 0.0025118864
299 31.6227766 0.0025118864
300 39.8107171 0.0025118864
301  0.1000000 0.0031622777
302  0.1258925 0.0031622777
303  0.1584893 0.0031622777
304  0.1995262 0.0031622777
305  0.2511886 0.0031622777
306  0.3162278 0.0031622777
307  0.3981072 0.0031622777
308  0.5011872 0.0031622777
309  0.6309573 0.0031622777
310  0.7943282 0.0031622777
311  1.0000000 0.0031622777
312  1.2589254 0.0031622777
313  1.5848932 0.0031622777
314  1.9952623 0.0031622777
315  2.5118864 0.0031622777
316  3.1622777 0.0031622777
317  3.9810717 0.0031622777
318  5.0118723 0.0031622777
319  6.3095734 0.0031622777
320  7.9432823 0.0031622777
321 10.0000000 0.0031622777
322 12.5892541 0.0031622777
323 15.8489319 0.0031622777
324 19.9526231 0.0031622777
325 25.1188643 0.0031622777
326 31.6227766 0.0031622777
327 39.8107171 0.0031622777
328 50.1187234 0.0031622777
329  0.1000000 0.0039810717
330  0.1258925 0.0039810717
331  0.1584893 0.0039810717
332  0.1995262 0.0039810717
333  0.2511886 0.0039810717
    marginal_log_likelihood
1                 -126.0481
2                 -127.7042
3                 -129.4752
4                 -133.5909
5                 -136.8844
6                 -137.5917
7                 -140.9206
8                 -148.8007
9                 -163.9973
10                -190.2425
11                -231.7518
12                -291.4141
13                -375.6871
14                -125.0982
15                -126.9883
16                -128.3937
17                -131.2027
18                -136.1524
19                -136.8744
20                -138.6630
21                -143.9530
22                -155.0506
23                -175.2200
24                -208.5745
25                -258.8880
26                -329.7370
27                -429.9022
28                -124.3745
29                -126.0549
30                -127.7055
31                -129.4976
32                -133.6206
33                -136.6191
34                -137.2757
35                -140.5528
36                -148.3669
37                -163.4934
38                -189.6897
39                -231.1412
40                -291.0449
41                -375.5346
42                -493.5737
43                -124.0200
44                -125.1102
45                -126.9894
46                -128.4058
47                -131.2390
48                -136.0373
49                -136.5465
50                -138.2830
51                -143.5075
52                -154.5284
53                -174.6371
54                -207.9328
55                -258.2706
56                -329.4700
57                -429.8159
58                -567.1769
59                -124.0418
60                -124.3867
61                -126.0633
62                -127.7074
63                -129.5261
64                -133.6547
65                -136.2861
66                -136.8823
67                -140.0945
68                -147.8292
69                -162.8814
70                -189.0268
71                -230.3770
72                -290.5528
73                -375.3548
74                -493.3493
75                -650.6929
76                -124.3661
77                -124.0284
78                -125.1251
79                -126.9906
80                -128.4218
81                -131.2846
82                -135.8607
83                -136.1386
84                -137.8105
85                -142.9550
86                -153.8912
87                -173.9436
88                -207.1483
89                -257.4533
90                -329.1022
91                -429.6075
92                -566.0821
93              -10000.0000
94                -124.8800
95                -124.0446
96                -124.4023
97                -126.0736
98                -127.7102
99                -129.5628
100               -133.6907
101               -135.8696
102               -136.3940
103               -139.5267
104               -147.1706
105               -162.1532
106               -188.2361
107               -229.4174
108               -289.8196
109               -375.0024
110               -492.5012
111               -649.0168
112             -10000.0000
113               -125.4762
114               -124.3629
115               -124.0393
116               -125.1438
117               -126.9920
118               -128.4428
119               -131.3417
120               -135.5928
121               -135.6334
122               -137.2259
123               -142.2772
124               -153.1302
125               -173.1319
126               -206.1805
127               -256.3640
128               -328.4090
129               -428.8150
130               -564.3410
131               -744.4401
132             -10000.0000
133               -126.0918
134               -124.8720
135               -124.0483
136               -124.4219
137               -126.0860
138               -127.7144
139               -129.6100
140               -133.7217
141               -135.3516
142               -135.7912
143               -138.8299
144               -146.3805
145               -161.3083
146               -187.2849
147               -228.2164
148               -288.6604
149               -374.0011
150               -490.7573
151               -646.9251
152             -10000.0000
153             -10000.0000
154               -126.6893
155               -125.4649
156               -124.3591
157               -124.0533
158               -125.1671
159               -126.9935
160               -128.4707
161               -131.4125
162               -135.1981
163               -135.0109
164               -136.5093
165               -141.4611
166               -152.2476
167               -172.1855
168               -204.9800
169               -254.9400
170               -327.0236
171               -427.0271
172               -562.0928
173               -741.9552
174             -10000.0000
175             -10000.0000
176               -127.2426
177               -126.0781
178               -124.8621
179               -124.0535
180               -124.4468
181               -126.1009
182               -127.7208
183               -129.6708
184               -133.7284
185               -134.7120
186               -135.0533
187               -137.9894
188               -145.4611
189               -160.3463
190               -186.1185
191               -226.7325
192               -286.9732
193               -372.0678
194               -488.3779
195               -644.3607
196             -10000.0000
197             -10000.0000
198             -10000.0000
199               -127.7236
200               -126.6740
201               -125.4509
202               -124.3549
203               -124.0715
204               -125.1958
205               -126.9950
206               -128.5079
207               -131.4983
208               -134.6428
209               -134.2505
210               -135.6446
211               -140.5075
212               -151.2548
213               -171.0580
214               -203.5049
215               -253.1464
216               -324.9301
217               -424.5371
218               -559.3337
219               -739.0694
220             -10000.0000
221             -10000.0000
222             -10000.0000
223               -128.0794
224               -127.2259
225               -126.0610
226               -124.8502
227               -124.0607
228               -124.4783
229               -126.1182
230               -127.7303
231               -129.7490
232               -133.6632
233               -133.9302
234               -134.1637
235               -137.0039
236               -144.4303
237               -159.2423
238               -184.6813
239               -224.9311
240               -284.7979
241               -369.4881
242               -485.4531
243               -641.2442
244             -10000.0000
245             -10000.0000
246             -10000.0000
247             -10000.0000
248               -128.3584
249               -127.7071
250               -126.6547
251               -125.4335
252               -124.3503
253               -124.0950
254               -125.2311
255               -126.9961
256               -128.5580
257               -131.5967
258               -133.9031
259               -133.3350
260               -134.6285
261               -139.4369
262               -150.1512
263               -169.6780
264               -201.7313
265               -250.9634
266               -322.2978
267               -421.4851
268               -555.9907
269               -735.6089
270             -10000.0000
271             -10000.0000
272             -10000.0000
273             -10000.0000
274               -128.7067
275               -128.0656
276               -127.2050
277               -126.0398
278               -124.8357
279               -124.0708
280               -124.5182
281               -126.1379
282               -127.7445
283               -129.8490
284               -133.4250
285               -132.9892
286               -133.1174
287               -135.8939
288               -143.3074
289               -157.9246
290               -182.9548
291               -222.7836
292               -282.1610
293               -366.3565
294               -481.9239
295               -637.4915
296             -10000.0000
297             -10000.0000
298             -10000.0000
299             -10000.0000
300             -10000.0000
301               -129.2047
302               -128.3455
303               -127.6863
304               -126.6306
305               -125.4121
306               -124.3457
307               -124.1258
308               -125.2739
309               -126.9963
310               -128.6252
311               -131.6914
312               -132.9696
313               -132.2584
314               -133.4803
315               -138.2820
316               -148.8842
317               -168.0147
318               -199.6465
319               -248.3688
320               -319.1425
321               -417.8239
322               -551.9836
323               -731.4665
324             -10000.0000
325             -10000.0000
326             -10000.0000
327             -10000.0000
328             -10000.0000
329               -129.8504
330               -128.6895
331               -128.0481
332               -127.1788
333               -126.0134
 [ reached 'max' / getOption("max.print") -- omitted 1077 rows ]
  Successful convergence.

Iteration: 1, lambda_hat: 7.94328, tau_hat: 1.99526, max_mll: -125.489
  Successful convergence.

Iteration: 2, lambda_hat: 0.0794328, tau_hat: 0.000125893, max_mll: -123.436
  Successful convergence.

Iteration: 3, lambda_hat: 0.0794328, tau_hat: 0.000125893, max_mll: -123.947
  Successful convergence.

Iteration: 4, lambda_hat: 0.0794328, tau_hat: 0.000125893, max_mll: -124.002
  Successful convergence.

Iteration: 5, lambda_hat: 0.0794328, tau_hat: 0.000125893, max_mll: -124.017
  Successful convergence.
Time difference of 0.0274601 secs
  Successful convergence.
Time difference of 3.70438 secs
  Successful convergence.
Time difference of 0.02524614 secs
  Successful convergence.
Time difference of 2.700917 secs
  Successful convergence.
Time difference of 1.098276 secs
  Successful convergence.
Time difference of 1.144296 secs
  Successful convergence.
Time difference of 0.02350307 secs
  Successful convergence.
Time difference of 4.532992 secs
  Successful convergence.
Time difference of 51.0701 secs
[1] 4273.504
[1] 1
[1] 3
  Successful convergence.
Time difference of 0.08176708 secs
  Successful convergence.
Time difference of 4.659421 secs
  Successful convergence.
Time difference of 0.495585 secs
  Successful convergence.
Time difference of 3.482152 secs
  Successful convergence.
Time difference of 1.871806 secs
  Successful convergence.
Time difference of 1.358129 secs
  Successful convergence.
Time difference of 0.06019211 secs
  Successful convergence.
Time difference of 4.804728 secs
  Successful convergence.
Time difference of 30.27737 secs
  Successful convergence.
Time difference of 0.05710292 secs
  Successful convergence.
Time difference of 4.51154 secs
  Successful convergence.
Time difference of 3.769146 secs
  Successful convergence.
Time difference of 1.156462 secs
  Successful convergence.
Time difference of 5.264727 secs
  Successful convergence.
Time difference of 0.06136107 secs
  Successful convergence.
Time difference of 4.26694 secs
  Successful convergence.
Time difference of 0.07179499 secs
  Successful convergence.
Time difference of 3.711094 secs
  Successful convergence.
Time difference of 1.486159 secs
  Successful convergence.
Time difference of 1.16357 secs
  Successful convergence.
Time difference of 0.05590105 secs
  Successful convergence.
Time difference of 5.075681 secs
  Successful convergence.
Time difference of 4.962428 secs
  Successful convergence.
Time difference of 0.09887409 secs
              [,1]
  [1,] 0.001633410
  [2,] 0.001713811
  [3,] 0.001797735
  [4,] 0.001885314
  [5,] 0.001976682
  [6,] 0.002071978
  [7,] 0.002171343
  [8,] 0.002274925
  [9,] 0.002382872
 [10,] 0.002495339
 [11,] 0.002612483
 [12,] 0.002734466
 [13,] 0.002861454
 [14,] 0.002993616
 [15,] 0.003131127
 [16,] 0.003274163
 [17,] 0.003422906
 [18,] 0.003577544
 [19,] 0.003738264
 [20,] 0.003905262
 [21,] 0.004078735
 [22,] 0.004258886
 [23,] 0.004445919
 [24,] 0.004640046
 [25,] 0.004841480
 [26,] 0.005050440
 [27,] 0.005267146
 [28,] 0.005491824
 [29,] 0.005724704
 [30,] 0.005966018
 [31,] 0.006216004
 [32,] 0.006474901
 [33,] 0.006742952
 [34,] 0.007020405
 [35,] 0.007307510
 [36,] 0.007604520
 [37,] 0.007911691
 [38,] 0.008229283
 [39,] 0.008557556
 [40,] 0.008896777
 [41,] 0.009247211
 [42,] 0.009609128
 [43,] 0.009982799
 [44,] 0.010368497
 [45,] 0.010766496
 [46,] 0.011177075
 [47,] 0.011600509
 [48,] 0.012037078
 [49,] 0.012487061
 [50,] 0.012950738
 [51,] 0.013428390
 [52,] 0.013920298
 [53,] 0.014426741
 [54,] 0.014948000
 [55,] 0.015484353
 [56,] 0.016036079
 [57,] 0.016603455
 [58,] 0.017186754
 [59,] 0.017786250
 [60,] 0.018402213
 [61,] 0.019034912
 [62,] 0.019684610
 [63,] 0.020351569
 [64,] 0.021036046
 [65,] 0.021738294
 [66,] 0.022458563
 [67,] 0.023197094
 [68,] 0.023954127
 [69,] 0.024729894
 [70,] 0.025524621
 [71,] 0.026338527
 [72,] 0.027171824
 [73,] 0.028024717
 [74,] 0.028897404
 [75,] 0.029790072
 [76,] 0.030702902
 [77,] 0.031636062
 [78,] 0.032589715
 [79,] 0.033564009
 [80,] 0.034559086
 [81,] 0.035575073
 [82,] 0.036612087
 [83,] 0.037670233
 [84,] 0.038749604
 [85,] 0.039850279
 [86,] 0.040972324
 [87,] 0.042115792
 [88,] 0.043280720
 [89,] 0.044467132
 [90,] 0.045675037
 [91,] 0.046904426
 [92,] 0.048155277
 [93,] 0.049427549
 [94,] 0.050721187
 [95,] 0.052036117
 [96,] 0.053372249
 [97,] 0.054729474
 [98,] 0.056107669
 [99,] 0.057506696
[100,] 0.058926408
[101,] 0.060366662
[102,] 0.061827345
[103,] 0.063308421
[104,] 0.064810040
[105,] 0.066332722
[106,] 0.067877718
[107,] 0.069447638
[108,] 0.071047541
[109,] 0.072686742
[110,] 0.074381711
[111,] 0.076160554
[112,] 0.078069632
[113,] 0.080182945
[114,] 0.082614757
[115,] 0.085535652
[116,] 0.089191563
[117,] 0.093924348
[118,] 0.100191144
[119,] 0.108578215
[120,] 0.119803480
[121,] 0.134700952
[122,] 0.154180339
[123,] 0.179156703
[124,] 0.210448671
[125,] 0.248649243
[126,] 0.293980207
[127,] 0.346148382
[128,] 0.404227659
[129,] 0.466593269
[130,] 0.530932204
[131,] 0.594345621
[132,] 0.653545748
[133,] 0.705133440
[134,] 0.745926044
[135,] 0.773292529
[136,] 0.785447137
[137,] 0.781656039
[138,] 0.762323784
[139,] 0.728945365
[140,] 0.683931782
[141,] 0.630337352
[142,] 0.571531559
[143,] 0.510864241
[144,] 0.451369636
[145,] 0.395543878
[146,] 0.345214725
[147,] 0.301505560
[148,] 0.264881234
[149,] 0.235253578
[150,] 0.212120325
[151,] 0.194712344
[152,] 0.182129056
[153,] 0.173448883
[154,] 0.167808779
[155,] 0.164452915
[156,] 0.162754798
[157,] 0.162219273
[158,] 0.162471309
[159,] 0.163237729
[160,] 0.164326644
[161,] 0.165607770
[162,] 0.166995432
[163,] 0.168434943
[164,] 0.169892326
[165,] 0.171346958
[166,] 0.172786559
[167,] 0.174203925
[168,] 0.175594931
[169,] 0.176957417
[170,] 0.178290734
[171,] 0.179595843
[172,] 0.180875984
[173,] 0.182138071
[174,] 0.183395093
[175,] 0.184669940
[176,] 0.186001179
[177,] 0.187451386
[178,] 0.189118574
[179,] 0.191151048
[180,] 0.193765477
[181,] 0.197267169
[182,] 0.202070265
[183,] 0.208714136
[184,] 0.217870668
[185,] 0.230335925
[186,] 0.246999268
[187,] 0.268784045
[188,] 0.296556825
[189,] 0.331007043
[190,] 0.372505513
[191,] 0.420957522
[192,] 0.475672725
[193,] 0.535277903
[194,] 0.597698001
[195,] 0.660224828
[196,] 0.719681135
[197,] 0.772672213
[198,] 0.815900293
[199,] 0.846502568
[200,] 0.862365135
[201,] 0.862365135
[202,] 0.846502568
[203,] 0.815900293
[204,] 0.772672213
[205,] 0.719681135
[206,] 0.660224828
[207,] 0.597698001
[208,] 0.535277903
[209,] 0.475672725
[210,] 0.420957522
[211,] 0.372505513
[212,] 0.331007043
[213,] 0.296556825
[214,] 0.268784045
[215,] 0.246999268
[216,] 0.230335925
[217,] 0.217870668
[218,] 0.208714136
[219,] 0.202070265
[220,] 0.197267169
[221,] 0.193765477
[222,] 0.191151048
[223,] 0.189118574
[224,] 0.187451386
[225,] 0.186001179
[226,] 0.184669940
[227,] 0.183395093
[228,] 0.182138071
[229,] 0.180875984
[230,] 0.179595843
[231,] 0.178290734
[232,] 0.176957417
[233,] 0.175594931
[234,] 0.174203925
[235,] 0.172786559
[236,] 0.171346958
[237,] 0.169892326
[238,] 0.168434943
[239,] 0.166995432
[240,] 0.165607770
[241,] 0.164326644
[242,] 0.163237729
[243,] 0.162471309
[244,] 0.162219273
[245,] 0.162754798
[246,] 0.164452915
[247,] 0.167808779
[248,] 0.173448883
[249,] 0.182129056
[250,] 0.194712344
[251,] 0.212120325
[252,] 0.235253578
[253,] 0.264881234
[254,] 0.301505560
[255,] 0.345214725
[256,] 0.395543878
[257,] 0.451369636
[258,] 0.510864241
[259,] 0.571531559
[260,] 0.630337352
[261,] 0.683931782
[262,] 0.728945365
[263,] 0.762323784
[264,] 0.781656039
[265,] 0.785447137
[266,] 0.773292529
[267,] 0.745926044
[268,] 0.705133440
[269,] 0.653545748
[270,] 0.594345621
[271,] 0.530932204
[272,] 0.466593269
[273,] 0.404227659
[274,] 0.346148382
[275,] 0.293980207
[276,] 0.248649243
[277,] 0.210448671
[278,] 0.179156703
[279,] 0.154180339
[280,] 0.134700952
[281,] 0.119803480
[282,] 0.108578215
[283,] 0.100191144
[284,] 0.093924348
[285,] 0.089191563
[286,] 0.085535652
[287,] 0.082614757
[288,] 0.080182945
[289,] 0.078069632
[290,] 0.076160554
[291,] 0.074381711
[292,] 0.072686742
[293,] 0.071047541
[294,] 0.069447638
[295,] 0.067877718
[296,] 0.066332722
[297,] 0.064810040
[298,] 0.063308421
[299,] 0.061827345
[300,] 0.060366662
[301,] 0.058926408
[302,] 0.057506696
[303,] 0.056107669
[304,] 0.054729474
[305,] 0.053372249
[306,] 0.052036117
[307,] 0.050721187
[308,] 0.049427549
[309,] 0.048155277
[310,] 0.046904426
[311,] 0.045675037
[312,] 0.044467132
[313,] 0.043280720
[314,] 0.042115792
[315,] 0.040972324
[316,] 0.039850279
[317,] 0.038749604
[318,] 0.037670233
[319,] 0.036612087
[320,] 0.035575073
[321,] 0.034559086
[322,] 0.033564009
[323,] 0.032589715
[324,] 0.031636062
[325,] 0.030702902
[326,] 0.029790072
[327,] 0.028897404
[328,] 0.028024717
[329,] 0.027171824
[330,] 0.026338527
[331,] 0.025524621
[332,] 0.024729894
[333,] 0.023954127
[334,] 0.023197094
[335,] 0.022458563
[336,] 0.021738294
[337,] 0.021036046
[338,] 0.020351569
[339,] 0.019684610
[340,] 0.019034912
[341,] 0.018402213
[342,] 0.017786250
[343,] 0.017186754
[344,] 0.016603455
[345,] 0.016036079
[346,] 0.015484353
[347,] 0.014948000
[348,] 0.014426741
[349,] 0.013920298
[350,] 0.013428390
[351,] 0.012950738
[352,] 0.012487061
[353,] 0.012037078
[354,] 0.011600509
[355,] 0.011177075
[356,] 0.010766496
[357,] 0.010368497
[358,] 0.009982799
[359,] 0.009609128
[360,] 0.009247211
[361,] 0.008896777
[362,] 0.008557556
[363,] 0.008229283
[364,] 0.007911691
[365,] 0.007604520
[366,] 0.007307510
[367,] 0.007020405
[368,] 0.006742952
[369,] 0.006474901
[370,] 0.006216004
[371,] 0.005966018
[372,] 0.005724704
[373,] 0.005491824
[374,] 0.005267146
[375,] 0.005050440
[376,] 0.004841480
[377,] 0.004640046
[378,] 0.004445919
[379,] 0.004258886
[380,] 0.004078735
[381,] 0.003905262
[382,] 0.003738264
[383,] 0.003577544
[384,] 0.003422906
[385,] 0.003274163
[386,] 0.003131127
[387,] 0.002993616
[388,] 0.002861454
[389,] 0.002734466
[390,] 0.002612483
[391,] 0.002495339
[392,] 0.002382872
[393,] 0.002274925
[394,] 0.002171343
[395,] 0.002071978
[396,] 0.001976682
[397,] 0.001885314
[398,] 0.001797735
[399,] 0.001713811
[400,] 0.001633410
  [1] -3.100000000 -3.084461153 -3.068922306 -3.053383459 -3.037844612
  [6] -3.022305764 -3.006766917 -2.991228070 -2.975689223 -2.960150376
 [11] -2.944611529 -2.929072682 -2.913533835 -2.897994987 -2.882456140
 [16] -2.866917293 -2.851378446 -2.835839599 -2.820300752 -2.804761905
 [21] -2.789223058 -2.773684211 -2.758145363 -2.742606516 -2.727067669
 [26] -2.711528822 -2.695989975 -2.680451128 -2.664912281 -2.649373434
 [31] -2.633834586 -2.618295739 -2.602756892 -2.587218045 -2.571679198
 [36] -2.556140351 -2.540601504 -2.525062657 -2.509523810 -2.493984962
 [41] -2.478446115 -2.462907268 -2.447368421 -2.431829574 -2.416290727
 [46] -2.400751880 -2.385213033 -2.369674185 -2.354135338 -2.338596491
 [51] -2.323057644 -2.307518797 -2.291979950 -2.276441103 -2.260902256
 [56] -2.245363409 -2.229824561 -2.214285714 -2.198746867 -2.183208020
 [61] -2.167669173 -2.152130326 -2.136591479 -2.121052632 -2.105513784
 [66] -2.089974937 -2.074436090 -2.058897243 -2.043358396 -2.027819549
 [71] -2.012280702 -1.996741855 -1.981203008 -1.965664160 -1.950125313
 [76] -1.934586466 -1.919047619 -1.903508772 -1.887969925 -1.872431078
 [81] -1.856892231 -1.841353383 -1.825814536 -1.810275689 -1.794736842
 [86] -1.779197995 -1.763659148 -1.748120301 -1.732581454 -1.717042607
 [91] -1.701503759 -1.685964912 -1.670426065 -1.654887218 -1.639348371
 [96] -1.623809524 -1.608270677 -1.592731830 -1.577192982 -1.561654135
[101] -1.546115288 -1.530576441 -1.515037594 -1.499498747 -1.483959900
[106] -1.468421053 -1.452882206 -1.437343358 -1.421804511 -1.406265664
[111] -1.390726817 -1.375187970 -1.359649123 -1.344110276 -1.328571429
[116] -1.313032581 -1.297493734 -1.281954887 -1.266416040 -1.250877193
[121] -1.235338346 -1.219799499 -1.204260652 -1.188721805 -1.173182957
[126] -1.157644110 -1.142105263 -1.126566416 -1.111027569 -1.095488722
[131] -1.079949875 -1.064411028 -1.048872180 -1.033333333 -1.017794486
[136] -1.002255639 -0.986716792 -0.971177945 -0.955639098 -0.940100251
[141] -0.924561404 -0.909022556 -0.893483709 -0.877944862 -0.862406015
[146] -0.846867168 -0.831328321 -0.815789474 -0.800250627 -0.784711779
[151] -0.769172932 -0.753634085 -0.738095238 -0.722556391 -0.707017544
[156] -0.691478697 -0.675939850 -0.660401003 -0.644862155 -0.629323308
[161] -0.613784461 -0.598245614 -0.582706767 -0.567167920 -0.551629073
[166] -0.536090226 -0.520551378 -0.505012531 -0.489473684 -0.473934837
[171] -0.458395990 -0.442857143 -0.427318296 -0.411779449 -0.396240602
[176] -0.380701754 -0.365162907 -0.349624060 -0.334085213 -0.318546366
[181] -0.303007519 -0.287468672 -0.271929825 -0.256390977 -0.240852130
[186] -0.225313283 -0.209774436 -0.194235589 -0.178696742 -0.163157895
[191] -0.147619048 -0.132080201 -0.116541353 -0.101002506 -0.085463659
[196] -0.069924812 -0.054385965 -0.038847118 -0.023308271 -0.007769424
[201]  0.007769424  0.023308271  0.038847118  0.054385965  0.069924812
[206]  0.085463659  0.101002506  0.116541353  0.132080201  0.147619048
[211]  0.163157895  0.178696742  0.194235589  0.209774436  0.225313283
[216]  0.240852130  0.256390977  0.271929825  0.287468672  0.303007519
[221]  0.318546366  0.334085213  0.349624060  0.365162907  0.380701754
[226]  0.396240602  0.411779449  0.427318296  0.442857143  0.458395990
[231]  0.473934837  0.489473684  0.505012531  0.520551378  0.536090226
[236]  0.551629073  0.567167920  0.582706767  0.598245614  0.613784461
[241]  0.629323308  0.644862155  0.660401003  0.675939850  0.691478697
[246]  0.707017544  0.722556391  0.738095238  0.753634085  0.769172932
[251]  0.784711779  0.800250627  0.815789474  0.831328321  0.846867168
[256]  0.862406015  0.877944862  0.893483709  0.909022556  0.924561404
[261]  0.940100251  0.955639098  0.971177945  0.986716792  1.002255639
[266]  1.017794486  1.033333333  1.048872180  1.064411028  1.079949875
[271]  1.095488722  1.111027569  1.126566416  1.142105263  1.157644110
[276]  1.173182957  1.188721805  1.204260652  1.219799499  1.235338346
[281]  1.250877193  1.266416040  1.281954887  1.297493734  1.313032581
[286]  1.328571429  1.344110276  1.359649123  1.375187970  1.390726817
[291]  1.406265664  1.421804511  1.437343358  1.452882206  1.468421053
[296]  1.483959900  1.499498747  1.515037594  1.530576441  1.546115288
[301]  1.561654135  1.577192982  1.592731830  1.608270677  1.623809524
[306]  1.639348371  1.654887218  1.670426065  1.685964912  1.701503759
[311]  1.717042607  1.732581454  1.748120301  1.763659148  1.779197995
[316]  1.794736842  1.810275689  1.825814536  1.841353383  1.856892231
[321]  1.872431078  1.887969925  1.903508772  1.919047619  1.934586466
[326]  1.950125313  1.965664160  1.981203008  1.996741855  2.012280702
[331]  2.027819549  2.043358396  2.058897243  2.074436090  2.089974937
[336]  2.105513784  2.121052632  2.136591479  2.152130326  2.167669173
[341]  2.183208020  2.198746867  2.214285714  2.229824561  2.245363409
[346]  2.260902256  2.276441103  2.291979950  2.307518797  2.323057644
[351]  2.338596491  2.354135338  2.369674185  2.385213033  2.400751880
[356]  2.416290727  2.431829574  2.447368421  2.462907268  2.478446115
[361]  2.493984962  2.509523810  2.525062657  2.540601504  2.556140351
[366]  2.571679198  2.587218045  2.602756892  2.618295739  2.633834586
[371]  2.649373434  2.664912281  2.680451128  2.695989975  2.711528822
[376]  2.727067669  2.742606516  2.758145363  2.773684211  2.789223058
[381]  2.804761905  2.820300752  2.835839599  2.851378446  2.866917293
[386]  2.882456140  2.897994987  2.913533835  2.929072682  2.944611529
[391]  2.960150376  2.975689223  2.991228070  3.006766917  3.022305764
[396]  3.037844612  3.053383459  3.068922306  3.084461153  3.100000000
[401] -1.603878543 -1.567868244 -1.554718216 -1.461433265 -1.325839244
[406] -1.241763605 -1.178589349 -1.163951709 -1.097924194 -1.086665969
[411] -1.061558421 -1.059333933 -1.043812390 -1.031170187 -1.026274235
[416] -1.015067297 -1.006240231 -0.983477106 -0.968174972 -0.931155031
[421] -0.922601718 -0.918759011 -0.915349910 -0.899907630 -0.898084228
[426] -0.874785611 -0.873931650 -0.792704563 -0.757099280 -0.645423474
[431] -0.573645739 -0.557602330 -0.426255055 -0.393423429 -0.346068592
[436] -0.146755072 -0.117436101 -0.088921129 -0.088903673 -0.088892843
[441] -0.017760366 -0.007668105 -0.007165837  0.004248236  0.029219842
[446]  0.033327676  0.043262716  0.045892624  0.051905837  0.076371474
[451]  0.076915419  0.120078608  0.153325093  0.154389235  0.156989078
[456]  0.159155278  0.165991451  0.207207027  0.236393598  0.269758742
[461]  0.304327174  0.318969143  0.367153007  0.445220569  0.485943570
[466]  0.506578448  0.587274672  0.700623507  0.704807353  0.723740263
[471]  0.729201266  0.840145439  0.845999887  0.866167830  0.969539241
[476]  0.982772357  0.991289625  0.992066694  1.007540449  1.023220445
[481]  1.030872212  1.034049676  1.034258535  1.036830830  1.048103605
[486]  1.048236189  1.054367418  1.058753970  1.061153055  1.061899217
[491]  1.064504795  1.091593294  1.103447340  1.109249789  1.117993204
[496]  1.134819099  1.153473675  1.163579443  1.707162545  2.422692977
  Successful convergence.
Time difference of 5.07362 secs
  Successful convergence.
Time difference of 0.06621099 secs
  Successful convergence.
Time difference of 0.07082582 secs
  Successful convergence.
Time difference of 16.95312 secs
